0,0
1,0
2,0
3,5
4,0
5,0
6,0
7,0
8,0
9,0
10,0
11,0
12,0
13,0
14,0
15,0
16,0
17,0
18,0
19,0
20,14
21,0
22,0
23,0
24,0
25,0
26,0
27,0
28,5
29,0
30,0
31,0
32,0
33,0
34,0
35,0
36,0
37,0
38,0
39,2
40,0
41,0
42,0
43,0
44,0
45,0
46,0
47,0
48,1
49,1
50,1
51,1
52,1
53,1
54,1
55,1
56,1
57,1
58,1
59,1
60,1
61,1
62,1
63,1
64,1
65,1
66,1
67,1
68,1
69,1
70,1
71,1
72,1
73,1
74,1
75,1
76,1
77,1
78,1
79,1
80,1
81,1
82,7
83,1
84,1
85,1
86,1
87,1
88,3
89,1
90,1
91,1
92,1
93,1
94,1
95,1
96,1
97,1
98,2
99,2
100,2
101,2
102,2
103,2
104,2
105,2
106,2
107,2
108,2
109,2
110,2
111,2
112,2
113,2
114,2
115,2
116,2
117,2
118,2
119,2
120,2
121,2
122,2
123,2
124,2
125,2
126,2
127,2
128,2
129,2
130,2
131,2
132,2
133,2
134,2
135,2
136,2
137,2
138,2
139,2
140,2
141,2
142,2
143,2
144,2
145,2
146,2
147,0
148,3
149,3
150,3
151,3
152,3
153,3
154,3
155,3
156,3
157,3
158,0
159,3
160,3
161,3
162,3
163,3
164,3
165,3
166,3
167,3
168,3
169,3
170,3
171,3
172,3
173,3
174,3
175,3
176,3
177,3
178,3
179,3
180,3
181,3
182,3
183,3
184,3
185,3
186,3
187,3
188,3
189,3
190,3
191,3
192,3
193,3
194,3
195,10
196,4
197,4
198,4
199,4
200,4
201,4
202,4
203,4
204,4
205,4
206,4
207,4
208,11
209,4
210,4
211,4
212,4
213,4
214,4
215,4
216,4
217,4
218,4
219,4
220,4
221,4
222,4
223,4
224,4
225,4
226,4
227,4
228,4
229,4
230,4
231,4
232,4
233,4
234,4
235,4
236,4
237,4
238,4
239,13
240,4
241,4
242,4
243,5
244,4
245,4
246,5
247,7
248,5
249,5
250,5
251,5
252,5
253,13
254,5
255,0
256,5
257,5
258,5
259,5
260,5
261,5
262,5
263,5
264,5
265,5
266,5
267,5
268,5
269,5
270,5
271,5
272,5
273,5
274,5
275,5
276,5
277,0
278,5
279,5
280,5
281,5
282,7
283,5
284,5
285,5
286,5
287,5
288,5
289,5
290,5
291,5
292,5
293,5
294,5
295,6
296,6
297,6
298,6
299,6
300,1
301,6
302,14
303,6
304,6
305,6
306,6
307,6
308,6
309,6
310,6
311,6
312,6
313,6
314,6
315,6
316,6
317,11
318,6
319,15
320,6
321,6
322,6
323,6
324,6
325,6
326,6
327,6
328,6
329,6
330,6
331,6
332,6
333,6
334,6
335,6
336,6
337,6
338,6
339,6
340,6
341,6
342,6
343,6
344,6
345,7
346,7
347,7
348,7
349,7
350,7
351,7
352,7
353,7
354,7
355,7
356,7
357,7
358,7
359,7
360,7
361,7
362,7
363,7
364,7
365,7
366,7
367,7
368,7
369,7
370,7
371,7
372,7
373,7
374,7
375,7
376,7
377,7
378,7
379,7
380,7
381,7
382,11
383,7
384,7
385,7
386,7
387,7
388,7
389,7
390,7
391,7
392,7
393,0
394,13
395,8
396,8
397,8
398,8
399,8
400,8
401,8
402,8
403,8
404,8
405,8
406,8
407,8
408,8
409,8
410,8
411,8
412,8
413,8
414,8
415,8
416,17
417,8
418,8
419,8
420,8
421,8
422,8
423,8
424,8
425,8
426,8
427,8
428,8
429,8
430,8
431,8
432,8
433,8
434,8
435,8
436,8
437,8
438,8
439,8
440,8
441,8
442,3
443,8
444,8
445,9
446,9
447,9
448,9
449,9
450,9
451,9
452,9
453,9
454,9
455,9
456,9
457,9
458,9
459,9
460,9
461,9
462,9
463,9
464,9
465,9
466,9
467,9
468,9
469,9
470,9
471,9
472,9
473,9
474,9
475,9
476,9
477,9
478,9
479,9
480,9
481,9
482,9
483,9
484,9
485,9
486,9
487,9
488,9
489,9
490,9
491,9
492,9
493,9
494,9
545,10
546,10
547,10
548,10
549,10
550,10
551,2
552,10
553,10
554,10
555,10
556,10
557,10
558,10
559,10
560,10
561,10
562,17
563,10
564,10
565,10
566,10
567,10
568,10
569,10
570,10
571,10
572,10
573,10
574,10
575,10
576,10
577,15
578,10
579,10
580,10
581,10
582,10
583,10
584,10
585,10
586,10
587,10
588,10
589,11
590,10
591,10
592,10
593,10
594,10
595,10
596,11
597,11
598,10
599,11
600,11
601,11
602,11
603,11
604,11
605,11
606,14
607,11
608,11
609,11
610,11
611,11
612,11
613,11
614,11
615,11
616,11
617,11
618,11
619,11
620,11
621,11
622,11
623,17
624,11
625,11
626,11
627,11
628,11
629,11
630,11
631,16
632,11
633,11
634,11
635,11
636,11
637,11
638,11
639,11
640,11
641,11
642,11
643,12
644,11
695,12
696,12
697,12
698,12
699,12
700,12
701,12
702,12
703,10
704,12
705,12
706,12
707,12
708,12
709,12
710,12
711,0
712,12
713,10
714,12
715,12
716,12
717,12
718,12
719,12
720,12
721,12
722,12
723,12
724,12
725,12
726,12
727,12
728,12
729,12
730,12
731,12
732,12
733,12
734,12
735,12
736,12
737,12
738,12
739,12
740,12
741,12
742,12
743,12
744,13
745,13
746,13
747,13
748,13
749,3
750,13
751,13
752,13
753,13
754,13
755,13
756,15
757,16
758,13
759,13
760,13
761,13
762,13
763,13
764,13
765,13
766,13
767,3
768,13
769,13
770,13
771,13
772,13
773,13
774,2
775,8
776,3
777,16
778,13
779,13
780,13
781,13
782,3
783,3
784,13
785,13
786,3
787,13
788,13
789,13
790,13
791,13
792,13
793,13
794,14
795,14
796,14
797,14
798,14
799,14
800,14
801,14
802,14
803,14
804,1
805,14
806,14
807,14
808,14
809,14
810,14
811,14
812,14
813,14
814,14
815,14
816,14
817,14
818,14
819,14
820,14
821,14
822,14
823,14
824,14
825,14
826,14
827,14
828,14
829,14
830,14
831,14
832,14
833,14
834,14
835,14
836,14
837,14
838,14
839,14
840,14
841,14
842,14
843,15
844,15
845,15
846,15
847,15
848,15
849,15
850,15
851,15
852,15
853,4
854,15
855,15
856,15
857,15
858,15
859,15
860,15
861,6
862,7
863,15
864,15
865,15
866,15
867,15
868,15
869,15
870,15
871,15
872,15
873,15
874,13
875,15
876,15
877,15
878,15
879,14
880,15
881,15
882,15
883,15
884,17
885,15
886,15
887,15
888,15
889,15
890,7
891,7
892,15
893,16
894,16
895,16
896,16
897,16
898,16
899,16
900,16
901,16
902,16
903,16
904,16
905,16
906,16
907,16
908,16
909,16
910,16
911,16
912,16
913,16
914,16
915,16
916,16
917,16
918,16
919,16
920,16
921,16
922,16
923,16
924,16
925,16
926,16
927,16
928,16
929,16
930,16
931,16
932,16
933,16
934,16
935,16
936,16
937,16
938,16
939,16
940,16
941,16
942,16
943,17
944,17
945,1
946,17
947,17
948,17
949,17
950,17
951,17
952,17
953,17
954,17
955,17
956,17
957,17
958,17
959,17
960,17
961,17
962,16
963,17
964,17
965,17
966,17
967,17
968,17
969,17
970,17
971,17
972,17
973,17
974,17
975,17
976,17
977,17
978,17
979,17
980,17
981,17
982,17
983,17
984,17
985,17
986,17
987,17
988,17
989,17
